DATABASE_URL: Defined
Tables from information_schema:
Uint8Array(13) [
  254, 154, 226, 178,
  102, 191, 154,  40,
   43, 106, 216, 168,
  158
]
Uint8Array(6) [ 118, 43, 28, 162, 233, 237 ]
Uint8Array(5) [ 166, 186, 29, 185, 203 ]
Uint8Array(12) [
  166, 186,  29, 185,
  203, 127, 113, 171,
   94, 130, 138, 242
]
Uint8Array(15) [
  166, 186,  29, 185, 203,
  127, 113, 171,  94, 130,
  138, 242, 254, 218, 241
]
Uint8Array(16) [
  166, 186,  29, 185, 203,
  127, 189, 170, 226, 106,
  123, 127, 138, 102, 160,
  122
]
Uint8Array(12) [
  166, 186,  29, 185,
  203, 127, 189, 170,
  226, 106, 123, 108
]
Uint8Array(3) [ 166, 186, 38 ]
Uint8Array(13) [
  166, 186,  38, 163,
  250, 107, 161, 219,
  156, 182, 207, 237,
  175
]
Uint8Array(11) [
  166, 186,  38, 163,
  251, 172, 106,   7,
  191, 182, 188
]
Uint8Array(3) [ 174, 137, 94 ]
Uint8Array(5) [ 177, 235, 109, 138, 120 ]
Uint8Array(3) [ 181, 166, 229 ]
Uint8Array(8) [
  182, 182, 167,
  177, 167,  45,
  138, 137
]
Uint8Array(12) [
  182, 182, 167, 177,
  167,  45, 138, 137,
  255, 138, 215, 166
]
Uint8Array(3) [ 186, 199, 171 ]
Uint8Array(9) [
  186, 199, 171, 254,
  186,  37, 123, 251,
  107
]
